batch_proj_r01_s00 batch_proj 1 1.0 1.0 2 20
batch_proj_r05_s00 batch_proj 5 4.017 3.993 20 20
batch_proj_r10_s00 batch_proj 10 5.969 5.92 20 20
batch_proj_r15_s00 batch_proj 15 8.413 8.593 20 20
batch_proj_r20_s00 batch_proj 20 9.435 9.613 20 20
gd_r01_s00 gd 1 1.024 1.034 5 20
gd_r05_s00 gd 5 1.041 1.03 6 20
gd_r10_s00 gd 10 1.089 1.028 6 20
gd_r15_s00 gd 15 1.032 1.026 6 20
gd_r20_s00 gd 20 1.042 1.027 6 20
noise_r01_s00 noise 1 1.0 1.0 2 20
noise_r05_s00 noise 5 4.978 4.998 20 20
noise_r10_s00 noise 10 9.927 9.991 20 20
noise_r15_s00 noise 15 14.836 14.975 20 20
noise_r20_s00 noise 20 19.745 19.956 20 20
qp_r01_s00 qp 1 1.0 1.0 3 20
qp_r01_s01 qp 1 1.0 1.0 3 20
qp_r01_s02 qp 1 1.0 1.0 3 20
qp_r02_s00 qp 2 2.0 1.522 10 20
qp_r02_s01 qp 2 2.0 1.522 10 20
qp_r02_s02 qp 2 2.0 1.522 10 20
qp_r03_s00 qp 3 3.0 2.335 19 20
qp_r03_s01 qp 3 3.0 2.335 18 20
qp_r03_s02 qp 3 3.0 2.335 18 20
qp_r04_s00 qp 4 4.0 3.33 20 20
qp_r04_s01 qp 4 4.0 3.33 20 20
qp_r04_s02 qp 4 4.0 3.33 20 20
qp_r05_s00 qp 5 5.0 4.052 20 20
qp_r05_s01 qp 5 5.0 4.052 20 20
qp_r05_s02 qp 5 5.0 4.052 20 20
qp_r06_s00 qp 6 6.0 5.052 20 20
qp_r06_s01 qp 6 6.0 5.052 20 20
qp_r06_s02 qp 6 6.0 5.052 20 20
qp_r07_s00 qp 7 7.0 5.948 20 20
qp_r07_s01 qp 7 7.0 5.948 20 20
qp_r07_s02 qp 7 7.0 5.947 20 20
qp_r08_s00 qp 8 8.0 6.837 20 20
qp_r08_s01 qp 8 8.0 6.837 20 20
qp_r08_s02 qp 8 8.0 6.837 20 20
qp_r09_s00 qp 9 9.0 7.73 20 20
qp_r09_s01 qp 9 9.0 7.73 20 20
qp_r09_s02 qp 9 9.0 7.73 20 20
qp_r10_s00 qp 10 9.999 8.63 20 20
qp_r10_s01 qp 10 10.0 8.629 20 20
qp_r10_s02 qp 10 10.0 8.629 20 20
qp_r11_s00 qp 11 10.999 9.629 20 20
qp_r11_s01 qp 11 11.0 9.629 20 20
qp_r11_s02 qp 11 10.999 9.629 20 20
qp_r12_s00 qp 12 12.0 10.426 20 20
qp_r12_s01 qp 12 12.0 10.426 20 20
qp_r12_s02 qp 12 12.0 10.426 20 20
qp_r13_s00 qp 13 12.999 11.37 20 20
qp_r13_s01 qp 13 12.999 11.369 20 20
qp_r13_s02 qp 13 12.999 11.369 20 20
qp_r14_s00 qp 14 13.998 12.368 20 20
qp_r14_s01 qp 14 13.997 12.368 20 20
qp_r14_s02 qp 14 13.997 12.368 20 20
qp_r15_s00 qp 15 14.999 13.223 20 20
qp_r15_s01 qp 15 14.997 13.223 20 20
qp_r15_s02 qp 15 14.998 13.223 20 20
qp_r16_s00 qp 16 15.998 14.068 20 20
qp_r16_s01 qp 16 15.997 14.067 20 20
qp_r16_s02 qp 16 15.998 14.069 20 20
qp_r17_s00 qp 17 16.998 15.038 20 20
qp_r17_s01 qp 17 16.997 15.038 20 20
qp_r17_s02 qp 17 16.997 15.039 20 20
qp_r18_s00 qp 18 17.997 15.873 20 20
qp_r18_s01 qp 18 17.997 15.871 20 20
qp_r18_s02 qp 18 17.998 15.872 20 20
qp_r19_s00 qp 19 18.997 16.623 20 20
qp_r19_s01 qp 19 18.997 16.62 20 20
qp_r19_s02 qp 19 18.997 16.622 20 20
qp_r20_s00 qp 20 19.993 17.556 20 20
qp_r20_s01 qp 20 19.993 17.559 20 20
qp_r20_s02 qp 20 19.984 17.554 20 20
qp_rotate_r10_s00 qp 10 9.999 8.63 20 20
qp_scale2_r10_s00 qp 10 9.999 8.63 20 20
qp_slow_r01_s00 qp_slow 1 1.0 1.001 5 20
qp_slow_r05_s00 qp_slow 5 4.988 4.013 20 20
qp_slow_r10_s00 qp_slow 10 9.812 8.431 20 20
qp_slow_r15_s00 qp_slow 15 12.968 11.665 20 20
qp_slow_r20_s00 qp_slow 20 17.269 15.572 20 20
