       learned  n    d  lines  n_zero  lyap1  peaks     PR  MG_n0  MG_n0_min  MG_n0_max  MG_n1  MG_n2  t_train  t_lyap   t_MG
arm                                                                                                                          
T1           5  5  1.0    1.0     1.0  -0.00    1.0   1.64   1.15       1.10       1.17   1.15   1.15  1360.83   66.20  19.07
T2           5  5  2.0    2.0     2.0   0.00    2.0   3.01   2.84       2.66       2.88   2.91   3.03  1352.07   54.45  18.51
T3           5  5  3.0    3.0     3.0   0.00    3.0   4.32   5.90       5.00       7.89   4.96   6.43  1134.93   41.76  19.88
T4           5  5  4.0    4.0     4.0   0.00    4.0   5.76   5.93       4.24       6.29   5.67   6.79  1053.07   41.25  21.06
H2           5  5  1.0    2.0     2.0  -0.00    2.0   2.97   1.12       0.73       1.15   1.12   1.13  1094.78   46.25  13.28
H4           5  5  1.0    4.0     1.0  -0.00    4.0   5.27   1.15       1.15       1.15   1.15   1.15  1197.47   51.27   8.07
M4           5  5  2.0    4.0     2.0  -0.00    4.0   5.71   3.58       3.14       3.69   3.43   3.16  1207.88   51.27  22.75
chaos        0  5  NaN    NaN    11.0   0.04    NaN  10.81  29.45       8.65      39.49  17.64  24.98     0.04   49.96  37.38
{
 "n_runs": 40,
 "n_learned": 35,
 "unlearned": [],
 "P1_spearman_MG_d_T": 0.8531234077624295,
 "P2_H4<M4<T4": [
  5,
  5
 ],
 "P2_H2<T2": [
  5,
  5
 ],
 "P2_peaks_H4<M4<T4": [
  0,
  5
 ],
 "P2_peaks_H2<T2": [
  0,
  5
 ],
 "P2_PR_H4<M4<T4": [
  4,
  5
 ],
 "P2_PR_H2<T2": [
  5,
  5
 ],
 "P3_spearman_d": {
  "MG_n0": 0.9226779782284077,
  "MG_n1": 0.9137846965105435,
  "MG_n2": 0.9271246190873398,
  "peaks": 0.44117647058823534,
  "PR": 0.5891799138085013,
  "n_zero": 0.8776437617778788
 },
 "P4_spearman_MG_nzero": 0.8041963757106416,
 "n_zero_equals_d": "31/35",
 "P5_chaos_above": "5/5"
}
