================================================================================================
THE TWO-BY-TWO  (median over 4 observers x 3 seeds; truth = measured traj_PR)
================================================================================================
      fast  W_T=     0 (realised 0-0)   r=2:   2.34  r=4:   4.69  r=6:   6.70  r=8:   7.83
      fast  W_T=frozen (realised 76-76)   r=2:   2.34  r=4:   4.69  r=6:   6.67  r=8:   7.98
      slow  W_T=     0 (realised 0-0)   r=2:   2.30  r=4:   2.10  r=6:   2.01  r=8:   2.04
      slow  W_T=frozen (realised 76-76)   r=2:   2.80  r=4:   3.53  r=6:   3.49  r=8:   3.52
 transient  W_T=     0 (realised 0-0)   r=2:   1.20  r=4:   1.20  r=6:   1.20  r=8:   1.20
 transient  W_T=frozen (realised 150-150)   r=2:  28.96  r=4:  28.57  r=6:  28.86  r=8:  29.44

truth (measured trajectory participation ratio):
      fast  r=2:  2.00  r=4:  4.00  r=6:  6.00  r=8:  7.99
      slow  r=2:  2.00  r=4:  4.00  r=6:  6.00  r=8:  7.99
 transient  r=2:  1.06  r=4:  1.06  r=6:  1.03  r=8:  1.06

================================================================================================
CORRECTNESS CHECK -- do the two diagonal cells reproduce E2's published values?
================================================================================================
      arm  r     MG     LB  MG_published  LB_published  truth  dMG  rel
     fast  2  2.336  2.362         2.336         2.362  2.000  0.0  0.0
     fast  4  4.689  4.806         4.689         4.806  3.999  0.0  0.0
     fast  6  6.666  6.870         6.666         6.870  5.996  0.0  0.0
     fast  8  7.976  8.317         7.976         8.317  7.994  0.0  0.0
     slow  2  2.798  3.238         2.798         3.238  2.000  0.0  0.0
     slow  4  3.525  4.935         3.525         4.935  4.000  0.0  0.0
     slow  6  3.486  5.111         3.486         5.111  5.997  0.0  0.0
     slow  8  3.515  5.162         3.515         5.162  7.987  0.0  0.0
transient  2 28.961 29.394        28.961        29.394  1.060  0.0  0.0
transient  4 28.573 29.248        28.573        29.248  1.060  0.0  0.0
transient  6 28.864 29.601        28.864        29.601  1.031  0.0  0.0
transient  8 29.437 29.886        29.437        29.886  1.065  0.0  0.0
max |relative difference| = 0.0000

================================================================================================
THE W_T SWEEP  (MG, median over observers, seeds and r within each arm)
================================================================================================
arm             fast   slow  transient
theiler_label                         
0              5.388  2.113      1.197
1              5.419  2.646      1.463
2              5.418  2.924      1.705
5              5.418  3.227      2.382
10             5.418  3.290      3.453
20             5.417  3.322      5.507
50             5.417  3.331     11.220
100            5.416  3.333     20.832
150            5.414  3.332     28.959
frozen         5.417  3.331     28.959

per rank:
arm            fast                    slow                   transient                     
r                 2     4     6     8     2     4     6     8         2      4      6      8
theiler_label                                                                               
0              2.34  4.69  6.70  7.83  2.30  2.10  2.01  2.04      1.20   1.20   1.20   1.20
1              2.34  4.69  6.67  7.98  2.58  2.72  2.64  2.64      1.46   1.46   1.46   1.46
2              2.34  4.69  6.67  7.98  2.63  3.02  3.02  3.03      1.70   1.70   1.71   1.71
5              2.34  4.69  6.67  7.98  2.83  3.36  3.36  3.36      2.38   2.38   2.38   2.38
10             2.34  4.69  6.67  7.98  2.80  3.50  3.41  3.45      3.45   3.45   3.45   3.46
20             2.34  4.69  6.67  7.98  2.80  3.52  3.47  3.50      5.50   5.50   5.51   5.52
50             2.34  4.69  6.67  7.98  2.80  3.52  3.49  3.52     11.33  11.23  11.12  11.19
100            2.34  4.69  6.66  7.98  2.80  3.53  3.48  3.52     20.78  20.89  20.96  20.70
150            2.34  4.69  6.66  7.97  2.80  3.53  3.48  3.52     28.96  28.57  28.86  29.44
frozen         2.34  4.69  6.67  7.98  2.80  3.53  3.49  3.52     28.96  28.57  28.86  29.44

================================================================================================
THE MECHANISM  (median over observers, seeds and r)
================================================================================================

--- fast ---
                   MG   S_med  spread_rk_r1  r1_inflation  frac_near_ref  frac_kept  dt_med_W0  deg
theiler_label                                                                                      
0              5.6936  3.4424        1.7908        1.0000         0.8734     1.0000     2546.5  0.0
1              5.6781  3.4520        1.7914        1.0002         0.8693     0.9972     2546.5  0.0
2              5.6781  3.4520        1.7914        1.0002         0.8693     0.9972     2546.5  0.0
5              5.6781  3.4520        1.7914        1.0002         0.8693     0.9968     2546.5  0.0
10             5.6781  3.4520        1.7914        1.0002         0.8693     0.9967     2546.5  0.0
20             5.6780  3.4521        1.7914        1.0002         0.8693     0.9967     2546.5  0.0
50             5.6780  3.4521        1.7914        1.0002         0.8693     0.9953     2546.5  0.0
100            5.6763  3.4525        1.7921        1.0002         0.8693     0.9939     2546.5  0.0
150            5.6743  3.4532        1.7922        1.0002         0.8685     0.9925     2546.5  0.0
frozen         5.6773  3.4525        1.7920        1.0002         0.8693     0.9950     2546.5  0.0

--- slow ---
                   MG   S_med  spread_rk_r1  r1_inflation  frac_near_ref  frac_kept  dt_med_W0  deg
theiler_label                                                                                      
0              2.0730  8.6868        4.5335        1.0000         0.7779     1.0000     573.75  0.0
1              2.6406  6.7740        2.7514        1.5604         0.7234     0.9000     573.75  0.0
2              3.0176  5.9696        2.3338        1.8847         0.6672     0.8000     573.75  0.0
5              3.3574  5.4257        2.0673        2.2944         0.5842     0.6085     573.75  0.0
10             3.4298  5.2839        1.9555        2.4487         0.5517     0.5503     573.75  0.0
20             3.4859  5.1952        1.9397        2.5061         0.5418     0.5479     573.75  0.0
50             3.5006  5.1880        1.9385        2.5263         0.5377     0.5479     573.75  0.0
100            3.5020  5.1810        1.9385        2.5352         0.5364     0.5467     573.75  0.0
150            3.5008  5.1819        1.9386        2.5352         0.5309     0.5441     573.75  0.0
frozen         3.5007  5.1846        1.9385        2.5309         0.5368     0.5479     573.75  0.0

--- transient ---
                    MG    S_med  spread_rk_r1  r1_inflation  frac_near_ref  frac_kept  dt_med_W0  deg
theiler_label                                                                                        
0               1.1971  15.8600       10.0094        1.0000         0.8377     1.0000        6.0  0.0
1               1.4633  12.9721        5.5061        1.9998         0.7806     0.9000        6.0  0.0
2               1.7050  11.1306        4.0051        2.9994         0.7116     0.8000        6.0  0.0
5               2.3816   7.9632        2.5045        5.9971         0.4917     0.5002        6.0  0.0
10              3.4521   5.4865        1.8230       10.9892         0.2035     0.0007        6.0  0.0
20              5.5051   3.4302        1.4348       20.9590         0.0000     0.0000        6.0  0.0
50             11.2130   1.6746        1.1873       50.7515         0.0000     0.0000        6.0  0.0
100            20.8347   0.8948        1.0986      100.0188         0.0000     0.0000        6.0  0.0
150            28.9124   0.6336        1.0734      148.8062         0.0000     0.0000        6.0  0.0
frozen         28.9124   0.6336        1.0734      148.8062         0.0000     0.0000        6.0  0.0

================================================================================================
THE CAP -- the frozen setting with and without mg.THEILER_CAP = 150
================================================================================================
      arm  r        cap  theiler_used      MG      LB  degenerate
     fast  2        150            76   2.224   2.267       False
     fast  2 1000000000            76   2.224   2.267       False
     fast  4        150            76   2.978   3.010       False
     fast  4 1000000000            76   2.978   3.010       False
     slow  2        150            76   2.509   2.736       False
     slow  2 1000000000            76   2.509   2.736       False
     slow  4        150            76   3.360   4.373       False
     slow  4 1000000000            76   3.360   4.373       False
transient  2        150           150  36.145  57.986       False
transient  2 1000000000          1624  39.049  78.401       False
transient  4        150           150  27.802  28.280       False
transient  4 1000000000          1600 171.986 182.086       False

================================================================================================
ANALYTIC CONTROL -- the same sweep on series whose dimension is known exactly
(curve_decay 1, curve_decay_osc 1, torus2_fast 2, torus2_slow 2)
================================================================================================
series         curve_decay  curve_decay_osc  torus2_fast  torus2_slow
theiler_label                                                        
0                    1.196            2.361        2.289        2.072
1                    1.461            2.361        2.289        2.563
2                    1.702            2.361        2.289        2.777
5                    2.375            2.361        2.289        2.810
10                   3.434            2.361        2.289        2.753
20                   5.436            2.360        2.289        2.751
50                  10.946            2.773        2.289        2.751
100                 21.224            2.737        2.289        2.751
150                 26.373            2.980        2.289        2.751
frozen              26.373            2.944        2.289        2.751

================================================================================================
POOLED INDEPENDENT TRANSIENTS
================================================================================================
            MG                frac_same_run              
rule crossonly   none  within     crossonly   none within
r M                                                      
1 1        NaN  1.191  38.890           NaN  1.000  1.000
  2        NaN  1.194  33.228           NaN  1.000  1.000
  4      1.315  1.274   1.539           0.0  0.649  0.165
  8      1.415  1.304   1.797           0.0  0.648  0.237
  16     1.706  1.333   2.740           0.0  0.717  0.408
4 1        NaN  1.197  27.927           NaN  1.000  1.000
  2        NaN  1.197  28.080           NaN  1.000  1.000
  4      1.773  1.279   4.028           0.0  0.854  0.638
  8      1.718  1.267   3.952           0.0  0.848  0.612
  16     2.174  1.432   2.813           0.0  0.671  0.252
